第一次使用软件先配置环境1
第一次使用软件先配置环境1(1)2
第一次使用软件先配置环境1(1)2(2)33
第一次使用软件先配置环境1(1)2(2)33(3)开始选图片4
第一次使用软件先配置环境1(1)2(2)33(3)开始选图片4(4)5
第一次使用软件先配置环境1
第一次使用软件先配置环境1(1)2
第一次使用软件先配置环境1(1)2(2)33
第一次使用软件先配置环境1(1)2(2)33(3)开始选图片4
第一次使用软件先配置环境1(1)2(2)33(3)开始选图片4(4)5
第一次使用软件先配置环境1
第一次使用软件先配置环境1(1)2
第一次使用软件先配置环境1(1)2(2)33
第一次使用软件先配置环境1(1)2(2)33(3)开始选图片4
第一次使用软件先配置环境1(1)2(2)33(3)开始选图片4(4)5
第一次使用软件先配置环境1
第一次使用软件先配置环境1(1)2
第一次使用软件先配置环境1(1)2(2)33
第一次使用软件先配置环境1(1)2(2)33(3)开始选图片4
第一次使用软件先配置环境1(1)2(2)33(3)开始选图片4(4)5
第一次使用软件先配置环境1(1)2(2)33(3)开始选图片4(4)5(5)66
第一次使用软件先配置环境1(1)2(2)33(3)开始选图片4(4)5(5)66(6)1
第一次使用软件先配置环境1(1)2(2)33(3)开始选图片4(4)5(5)66(6)1(1)2
第一次使用软件先配置环境1(1)2(2)33(3)开始选图片4(4)5(5)66(6)1(1)2(2)33
第一次使用软件先配置环境1(1)2(2)33(3)开始选图片4(4)5(5)66(6)1(1)2(2)33(3)开始选图片4
第一次使用软件先配置环境1(1)2(2)33(3)开始选图片4(4)5(5)66(6)1(1)2(2)33(3)开始选图片4(4)5
第一次使用软件先配置环境1(1)2(2)33(3)开始选图片4(4)5(5)66(6)1(1)2(2)33(3)开始选图片4(4)5(5)66
第一次使用软件先配置环境1(1)2(2)33(3)开始选图片4(4)5(5)66(6)1(1)2(2)33(3)开始选图片4(4)5(5)66(6)1
第一次使用软件先配置环境1(1)2(2)33(3)开始选图片4(4)5(5)66(6)1(1)2(2)33(3)开始选图片4(4)5(5)66(6)1(1)2
第一次使用软件先配置环境1(1)2(2)33(3)开始选图片4(4)5(5)66(6)1(1)2(2)33(3)开始选图片4(4)5(5)66(6)1(1)2(2)31
第一次使用软件先配置环境1(1)2(2)33(3)开始选图片4(4)5(5)66(6)1(1)2(2)33(3)开始选图片4(4)5(5)66(6)1(1)2(2)31(1)2
第一次使用软件先配置环境1(1)2(2)33(3)开始选图片4(4)5(5)66(6)1(1)2(2)33(3)开始选图片4(4)5(5)66(6)1(1)2(2)31(1)2(2)3
第一次使用软件先配置环境1
第一次使用软件先配置环境1(1)2
第一次使用软件先配置环境1(1)2(2)33
第一次使用软件先配置环境1
第一次使用软件先配置环境1(1)2
第一次使用软件先配置环境1(1)2(2)33
第一次使用软件先配置环境1
第一次使用软件先配置环境1(1)2
第一次使用软件先配置环境1(1)2(2)33
第一次使用软件先配置环境1(1)2(2)33(3)开始选图片4
第一次使用软件先配置环境1(1)2(2)33(3)开始选图片4(4)5
第一次使用软件先配置环境1
第一次使用软件先配置环境1(1)2
第一次使用软件先配置环境1(1)2(2)33
第一次使用软件先配置环境1(1)2(2)33(3)开始选图片4
第一次使用软件先配置环境1(1)2(2)33(3)开始选图片4(4)5
第一次使用软件先配置环境1(1)2(2)33(3)开始选图片4(4)5(5)66
第一次使用软件先配置环境1(1)2(2)33(3)开始选图片4(4)5(5)66(6)1
第一次使用软件先配置环境1(1)2(2)33(3)开始选图片4(4)5(5)66(6)1(1)2
第一次使用软件先配置环境1(1)2(2)33(3)开始选图片4(4)5(5)66(6)1(1)2(2)3
第一次使用软件先配置环境1(1)2(2)33(3)开始选图片4(4)5(5)66(6)1(1)2(2)3(3)开始选图片4
第一次使用软件先配置环境1(1)2(2)33(3)开始选图片4(4)5(5)66(6)1(1)2(2)3(3)开始选图片4(4)5
第一次使用软件先配置环境1(1)2(2)33(3)开始选图片4(4)5(5)66(6)1(1)2(2)3(3)开始选图片4(4)5(5)66
第一次使用软件先配置环境1(1)2(2)33(3)开始选图片4(4)5(5)66(6)1(1)2(2)3(3)开始选图片4(4)5(5)66(6)1
第一次使用软件先配置环境1(1)2(2)33(3)开始选图片4(4)5(5)66(6)1(1)2(2)3(3)开始选图片4(4)5(5)66(6)1(1)2
第一次使用软件先配置环境1(1)2(2)33(3)开始选图片4(4)5(5)66(6)1(1)2(2)3(3)开始选图片4(4)5(5)66(6)1(1)2(2)3
第一次使用软件先配置环境1(1)2(2)33(3)开始选图片4(4)5(5)66(6)1(1)2(2)3(3)开始选图片4(4)5(5)66(6)1(1)2(2)3(3)开始选图片4
第一次使用软件先配置环境1(1)2(2)33(3)开始选图片4(4)5(5)66(6)1(1)2(2)3(3)开始选图片4(4)5(5)66(6)1(1)2(2)3(3)开始选图片4(4)5
第一次使用软件先配置环境1(1)2(2)33(3)开始选图片4(4)5(5)66(6)1(1)2(2)3(3)开始选图片4(4)5(5)66(6)1(1)2(2)3(3)开始选图片4(4)5(5)66
第一次使用软件先配置环境1(1)2(2)33(3)开始选图片4(4)5(5)66(6)1(1)2(2)3(3)开始选图片4(4)5(5)66(6)1(1)2(2)3(3)开始选图片4(4)5(5)66(6)1
第一次使用软件先配置环境1(1)2(2)33(3)开始选图片4(4)5(5)66(6)1(1)2(2)3(3)开始选图片4(4)5(5)66(6)1(1)2(2)3(3)开始选图片4(4)5(5)66(6)1(1)2
第一次使用软件先配置环境1(1)2(2)33(3)开始选图片4(4)5(5)66(6)1(1)2(2)3(3)开始选图片4(4)5(5)66(6)1(1)2(2)3(3)开始选图片4(4)5(5)66(6)1(1)2(2)3
第一次使用软件先配置环境1
第一次使用软件先配置环境1(1)2
第一次使用软件先配置环境1(1)2(2)33
第一次使用软件先配置环境1(1)2(2)33(3)开始选图片4
第一次使用软件先配置环境1(1)2(2)33(3)开始选图片4(4)5
第一次使用软件先配置环境1(1)2(2)33(3)开始选图片4(4)5(5)66
第一次使用软件先配置环境1(1)2(2)33(3)开始选图片4(4)5(5)66(6)1
第一次使用软件先配置环境1(1)2(2)33(3)开始选图片4(4)5(5)66(6)1(1)2
第一次使用软件先配置环境1(1)2(2)33(3)开始选图片4(4)5(5)66(6)1(1)2(2)33
第一次使用软件先配置环境1(1)2(2)33(3)开始选图片4(4)5(5)66(6)1(1)2(2)33(3)开始选图片4
第一次使用软件先配置环境1(1)2(2)33(3)开始选图片4(4)5(5)66(6)1(1)2(2)33(3)开始选图片4(4)5
第一次使用软件先配置环境1(1)2(2)33(3)开始选图片4(4)5(5)66(6)1(1)2(2)33(3)开始选图片4(4)5(5)6
第一次使用软件先配置环境1(1)2(2)33(3)开始选图片4(4)5(5)66(6)1(1)2(2)33(3)开始选图片4(4)5(5)6(6)1
第一次使用软件先配置环境1
第一次使用软件先配置环境1(1)2
第一次使用软件先配置环境1(1)2(2)33
第一次使用软件先配置环境1
第一次使用软件先配置环境1(1)2
第一次使用软件先配置环境1(1)2(2)33
第一次使用软件先配置环境1
第一次使用软件先配置环境1(1)2
第一次使用软件先配置环境1(1)2(2)33
第一次使用软件先配置环境1
第一次使用软件先配置环境1(1)2
第一次使用软件先配置环境1(1)2(2)33
第一次使用软件先配置环境1(1)2(2)33(3)开始选图片4
第一次使用软件先配置环境1(1)2(2)33(3)开始选图片4(4)5
第一次使用软件先配置环境1
第一次使用软件先配置环境1(1)2
第一次使用软件先配置环境1(1)2(2)33
第一次使用软件先配置环境1
第一次使用软件先配置环境1(1)2
第一次使用软件先配置环境1(1)2(2)33
第一次使用软件先配置环境1
第一次使用软件先配置环境1(1)2
第一次使用软件先配置环境1(1)2(2)33
第一次使用软件先配置环境1
第一次使用软件先配置环境1(1)2
第一次使用软件先配置环境1(1)2(2)33
第一次使用软件先配置环境1
第一次使用软件先配置环境1(1)2
第一次使用软件先配置环境1(1)2(2)33
第一次使用软件先配置环境1
第一次使用软件先配置环境1(1)2
第一次使用软件先配置环境1(1)2(2)33
第一次使用软件先配置环境1
第一次使用软件先配置环境1(1)2
第一次使用软件先配置环境1(1)2(2)33
第一次使用软件先配置环境1
第一次使用软件先配置环境1(1)2
第一次使用软件先配置环境1(1)2(2)33
第一次使用软件先配置环境1
第一次使用软件先配置环境1(1)2
第一次使用软件先配置环境1(1)2(2)33
第一次使用软件先配置环境1
第一次使用软件先配置环境1(1)2
第一次使用软件先配置环境1(1)2(2)33
第一次使用软件先配置环境1
第一次使用软件先配置环境1(1)2
第一次使用软件先配置环境1(1)2(2)33
第一次使用软件先配置环境1
第一次使用软件先配置环境1(1)2
第一次使用软件先配置环境1(1)2(2)33
第一次使用软件先配置环境1
第一次使用软件先配置环境1(1)2
第一次使用软件先配置环境1(1)2(2)33
第一次使用软件先配置环境1
第一次使用软件先配置环境1(1)2
第一次使用软件先配置环境1(1)2(2)33
第一次使用软件先配置环境1
第一次使用软件先配置环境1(1)2
第一次使用软件先配置环境1(1)2(2)33
第一次使用软件先配置环境1(1)2(2)33(3)开始选图片4
第一次使用软件先配置环境1(1)2(2)33(3)开始选图片4(4)5
第一次使用软件先配置环境1(1)2(2)33(3)开始选图片4(4)5(5)666
第一次使用软件先配置环境1(1)2(2)33(3)开始选图片4(4)5(5)666(6)1
第一次使用软件先配置环境1(1)2(2)33(3)开始选图片4(4)5(5)666(6)1(1)2
第一次使用软件先配置环境1(1)2(2)33(3)开始选图片4(4)5(5)666(6)1(1)2(2)3
第一次使用软件先配置环境1(1)2(2)33(3)开始选图片4(4)5(5)666(6)1(1)2(2)3(3)开始选图片4
第一次使用软件先配置环境1(1)2(2)33(3)开始选图片4(4)5(5)666(6)1(1)2(2)3(3)开始选图片4(4)5
第一次使用软件先配置环境1(1)2(2)33(3)开始选图片4(4)5(5)666(6)1(1)2(2)3(3)开始选图片4(4)5(5)66
第一次使用软件先配置环境1(1)2(2)33(3)开始选图片4(4)5(5)666(6)1(1)2(2)3(3)开始选图片4(4)5(5)66(6)1
第一次使用软件先配置环境1(1)2(2)33(3)开始选图片4(4)5(5)666(6)1(1)2(2)3(3)开始选图片4(4)5(5)66(6)1(1)2
第一次使用软件先配置环境1(1)2(2)33(3)开始选图片4(4)5(5)666(6)1(1)2(2)3(3)开始选图片4(4)5(5)66(6)1(1)2(2)3
第一次使用软件先配置环境1(1)2(2)33(3)开始选图片4(4)5(5)666(6)1(1)2(2)3(3)开始选图片4(4)5(5)66(6)1(1)2(2)3(3)开始选图片1
第一次使用软件先配置环境1(1)2(2)33(3)开始选图片4(4)5(5)666(6)1(1)2(2)3(3)开始选图片4(4)5(5)66(6)1(1)2(2)3(3)开始选图片1(1)2
第一次使用软件先配置环境1(1)2(2)33(3)开始选图片4(4)5(5)666(6)1(1)2(2)3(3)开始选图片4(4)5(5)66(6)1(1)2(2)3(3)开始选图片1(1)2(2)3
第一次使用软件先配置环境1(1)2(2)33(3)开始选图片4(4)5(5)666(6)1(1)2(2)3(3)开始选图片4(4)5(5)66(6)1(1)2(2)3(3)开始选图片1(1)2(2)3(3)开始选图片4
第一次使用软件先配置环境1(1)2(2)33(3)开始选图片4(4)5(5)666(6)1(1)2(2)3(3)开始选图片4(4)5(5)66(6)1(1)2(2)3(3)开始选图片1(1)2(2)3(3)开始选图片4(4)55
第一次使用软件先配置环境1(1)2(2)33(3)开始选图片4(4)5(5)666(6)1(1)2(2)3(3)开始选图片4(4)5(5)66(6)1(1)2(2)3(3)开始选图片1(1)2(2)3(3)开始选图片4(4)55(5)66
第一次使用软件先配置环境1(1)2(2)33(3)开始选图片4(4)5(5)666(6)1(1)2(2)3(3)开始选图片4(4)5(5)66(6)1(1)2(2)3(3)开始选图片1(1)2(2)3(3)开始选图片4(4)55(5)66(6)1
第一次使用软件先配置环境1(1)2(2)33(3)开始选图片4(4)5(5)666(6)1(1)2(2)3(3)开始选图片4(4)5(5)66(6)1(1)2(2)3(3)开始选图片1(1)2(2)3(3)开始选图片4(4)55(5)66(6)1(1)2
第一次使用软件先配置环境1(1)2(2)33(3)开始选图片4(4)5(5)666(6)1(1)2(2)3(3)开始选图片4(4)5(5)66(6)1(1)2(2)3(3)开始选图片1(1)2(2)3(3)开始选图片4(4)55(5)66(6)1(1)2(2)3
第一次使用软件先配置环境1(1)2(2)33(3)开始选图片4(4)5(5)666(6)1(1)2(2)3(3)开始选图片4(4)5(5)66(6)1(1)2(2)3(3)开始选图片1(1)2(2)3(3)开始选图片4(4)55(5)66(6)1(1)2(2)3(3)开始选图片4
第一次使用软件先配置环境1(1)2(2)33(3)开始选图片4(4)5(5)666(6)1(1)2(2)3(3)开始选图片4(4)5(5)66(6)1(1)2(2)3(3)开始选图片1(1)2(2)3(3)开始选图片4(4)55(5)66(6)1(1)2(2)3(3)开始选图片4(4)55
第一次使用软件先配置环境1(1)2(2)33(3)开始选图片4(4)5(5)666(6)1(1)2(2)3(3)开始选图片4(4)5(5)66(6)1(1)2(2)3(3)开始选图片1(1)2(2)3(3)开始选图片4(4)55(5)66(6)1(1)2(2)3(3)开始选图片4(4)55(5)66
第一次使用软件先配置环境1(1)2(2)33(3)开始选图片4(4)5(5)666(6)1(1)2(2)3(3)开始选图片4(4)5(5)66(6)1(1)2(2)3(3)开始选图片1(1)2(2)3(3)开始选图片4(4)55(5)66(6)1(1)2(2)3(3)开始选图片4(4)55(5)66(6)1
第一次使用软件先配置环境1(1)2(2)33(3)开始选图片4(4)5(5)666(6)1(1)2(2)3(3)开始选图片4(4)5(5)66(6)1(1)2(2)3(3)开始选图片1(1)2(2)3(3)开始选图片4(4)55(5)66(6)1(1)2(2)3(3)开始选图片4(4)55(5)66(6)1(1)2
第一次使用软件先配置环境1(1)2(2)33(3)开始选图片4(4)5(5)666(6)1(1)2(2)3(3)开始选图片4(4)5(5)66(6)1(1)2(2)3(3)开始选图片1(1)2(2)3(3)开始选图片4(4)55(5)66(6)1(1)2(2)3(3)开始选图片4(4)55(5)66(6)1(1)2(2)3
第一次使用软件先配置环境1(1)2(2)33(3)开始选图片4(4)5(5)666(6)1(1)2(2)3(3)开始选图片4(4)5(5)66(6)1(1)2(2)3(3)开始选图片1(1)2(2)3(3)开始选图片4(4)55(5)66(6)1(1)2(2)3(3)开始选图片4(4)55(5)66(6)1(1)2(2)3(3)开始选图片4
第一次使用软件先配置环境1(1)2(2)33(3)开始选图片4(4)5(5)666(6)1(1)2(2)3(3)开始选图片4(4)5(5)66(6)1(1)2(2)3(3)开始选图片1(1)2(2)3(3)开始选图片4(4)55(5)66(6)1(1)2(2)3(3)开始选图片4(4)55(5)66(6)1(1)2(2)3(3)开始选图片4(4)5
第一次使用软件先配置环境1(1)2(2)33(3)开始选图片4(4)5(5)666(6)1(1)2(2)3(3)开始选图片4(4)5(5)66(6)1(1)2(2)3(3)开始选图片1(1)2(2)3(3)开始选图片4(4)55(5)66(6)1(1)2(2)3(3)开始选图片4(4)55(5)66(6)1(1)2(2)3(3)开始选图片4(4)5(5)66
第一次使用软件先配置环境1(1)2(2)33(3)开始选图片4(4)5(5)666(6)1(1)2(2)3(3)开始选图片4(4)5(5)66(6)1(1)2(2)3(3)开始选图片1(1)2(2)3(3)开始选图片4(4)55(5)66(6)1(1)2(2)3(3)开始选图片4(4)55(5)66(6)1(1)2(2)3(3)开始选图片4(4)5(5)66(6)1
第一次使用软件先配置环境1(1)2(2)33(3)开始选图片4(4)5(5)666(6)1(1)2(2)3(3)开始选图片4(4)5(5)66(6)1(1)2(2)3(3)开始选图片1(1)2(2)3(3)开始选图片4(4)55(5)66(6)1(1)2(2)3(3)开始选图片4(4)55(5)66(6)1(1)2(2)3(3)开始选图片4(4)5(5)66(6)1(1)2
第一次使用软件先配置环境1(1)2(2)33(3)开始选图片4(4)5(5)666(6)1(1)2(2)3(3)开始选图片4(4)5(5)66(6)1(1)2(2)3(3)开始选图片1(1)2(2)3(3)开始选图片4(4)55(5)66(6)1(1)2(2)3(3)开始选图片4(4)55(5)66(6)1(1)2(2)3(3)开始选图片4(4)5(5)66(6)1(1)2(2)3
第一次使用软件先配置环境1(1)2(2)33(3)开始选图片4(4)5(5)666(6)1(1)2(2)3(3)开始选图片4(4)5(5)66(6)1(1)2(2)3(3)开始选图片1(1)2(2)3(3)开始选图片4(4)55(5)66(6)1(1)2(2)3(3)开始选图片4(4)55(5)66(6)1(1)2(2)3(3)开始选图片4(4)5(5)66(6)1(1)2(2)3(3)开始选图片4
第一次使用软件先配置环境1(1)2(2)33(3)开始选图片4(4)5(5)666(6)1(1)2(2)3(3)开始选图片4(4)5(5)66(6)1(1)2(2)3(3)开始选图片1(1)2(2)3(3)开始选图片4(4)55(5)66(6)1(1)2(2)3(3)开始选图片4(4)55(5)66(6)1(1)2(2)3(3)开始选图片4(4)5(5)66(6)1(1)2(2)3(3)开始选图片4(4)55
第一次使用软件先配置环境1(1)2(2)33(3)开始选图片4(4)5(5)666(6)1(1)2(2)3(3)开始选图片4(4)5(5)66(6)1(1)2(2)3(3)开始选图片1(1)2(2)3(3)开始选图片4(4)55(5)66(6)1(1)2(2)3(3)开始选图片4(4)55(5)66(6)1(1)2(2)3(3)开始选图片4(4)5(5)66(6)1(1)2(2)3(3)开始选图片4(4)55(5)66
第一次使用软件先配置环境1
第一次使用软件先配置环境1(1)2
第一次使用软件先配置环境1(1)2(2)33
第一次使用软件先配置环境1(1)2(2)33(3)开始选图片4
第一次使用软件先配置环境1
第一次使用软件先配置环境1(1)2
第一次使用软件先配置环境1(1)2(2)33
第一次使用软件先配置环境1(1)2(2)33(3)开始选图片4
